input01 (1).txt: 12723/616 = 20.65422
input02.txt: 2614240938893/26771144400 = 97.65145
input03.txt: -40375298199527/13385572200 = -3016.32964
